# x y
189.88 118.00
188.12 117.75
189.75 120.19
149.62 118.06
148.38 119.62
144.12 120.94
141.00 123.00
141.12 122.75
136.50 121.12
133.00 120.50
134.00 124.31
134.38 128.12
138.25 116.88
130.62 118.56
129.25 117.50
135.62 115.00
133.75 118.12
135.50 118.12
134.12 117.00
137.25 116.62
141.38 114.31
141.88 112.00
145.75 111.00
148.75 107.50
153.50 103.56
143.75 104.44
149.25 104.06
151.75 105.69
150.62 104.81
153.25 106.25
151.50 109.56
152.38 107.81
155.75 109.06
159.00 110.88
167.00 107.62
183.50 103.12
182.38 101.75
188.75 99.88
189.50 99.38
198.75 97.00
212.25 95.81
225.88 98.75
224.00 97.00
156.38 114.38
187.75 116.00
259.00 94.62
271.00 96.06
314.75 90.94
167.62 93.75
294.50 73.25
297.25 71.75
306.50 74.38
317.75 76.94
162.00 139.50
172.75 141.50
188.00 138.38
235.25 163.75
184.75 140.50
231.00 130.25
206.75 109.12
195.12 86.25
224.75 72.69
226.00 75.81
226.75 79.81
223.50 77.88
246.50 65.06
260.50 35.44
261.50 26.12
266.50 21.44
264.50 48.62
288.00 41.88
285.50 41.56
296.50 34.09
298.75 30.31
304.00 22.75
321.50 20.19
320.25 17.88
319.50 15.16
319.50 15.12
319.50 13.31
311.00 112.88
308.75 58.12
319.25 20.38
319.25 17.50
321.25 19.62
301.50 40.00
220.50 60.75
177.75 65.00
183.00 59.75
155.75 65.62
121.75 65.62
111.75 67.88
83.12 90.12
56.16 88.12
40.00 84.12
30.72 84.88
19.41 100.81
237.62 59.75
235.50 55.88
10.19 80.75
7.84 75.25
24.41 66.81
93.19 67.75
83.69 61.00
126.88 69.31
152.25 65.25
163.75 66.69
184.00 80.69
138.00 35.62
228.38 102.88
225.25 108.88
236.75 119.00
230.12 126.75
158.38 59.81
157.38 59.25
217.38 107.19
148.00 47.31
137.88 38.28
128.75 34.97
175.75 41.66
132.62 33.06
107.50 71.56
212.62 52.44
232.00 59.06
185.38 93.56
184.00 102.75
218.38 96.81
224.88 103.25
210.88 112.38
232.75 112.69
240.50 117.62
209.88 120.06
292.00 91.19
230.75 135.00
258.00 131.50
196.38 88.81
195.62 95.38
185.62 102.00
177.50 110.25
228.88 150.75
211.88 141.75
207.88 130.38
211.38 119.88
211.50 114.12
210.00 111.50
157.62 94.25
154.00 88.81
214.75 99.25
209.25 95.00
143.25 70.25
205.88 74.62
156.38 90.19
148.50 86.44
158.62 81.25
117.56 70.25
113.94 69.12
109.31 71.44
109.00 76.75
109.75 77.88
118.25 75.88
244.00 82.88
246.12 73.50
234.75 76.38
242.38 74.75
233.00 77.88
233.50 78.44
233.88 81.31
231.62 80.75
237.88 81.06
240.50 84.75
240.62 81.12
229.50 73.88
105.25 88.62
117.94 90.75
122.81 88.19
144.00 118.69
141.50 126.81
134.00 130.62
204.88 78.62
157.62 138.75
160.50 135.00
171.88 115.12
78.62 55.56
184.38 72.38
180.62 68.00
172.62 71.38
176.00 78.62
177.75 86.88
176.75 91.69
179.75 91.88
174.62 89.19
170.25 83.88
160.88 72.12
158.62 72.12
146.00 71.81
191.25 61.12
128.75 85.62
125.94 96.19
123.06 102.44
106.19 96.12
138.25 94.00
142.50 95.25
140.25 94.81
143.12 98.62
149.38 100.88
141.75 83.62
129.88 72.75
126.75 67.62
103.12 82.06
105.38 86.94
104.38 86.69
104.88 85.56
93.25 81.12
88.75 79.12
82.69 76.38
82.38 77.75
76.25 78.50
73.25 76.00
75.00 75.75
81.38 76.12
75.06 73.06
82.00 73.06
89.56 73.62
93.75 76.88
102.75 79.12
108.12 86.06
115.50 92.38
242.12 74.75
147.50 89.31
148.25 84.88
154.62 80.00
145.12 77.75
145.75 80.00
143.12 83.38
137.62 80.75
141.38 79.50
146.88 79.44
139.88 74.62
138.38 73.88
220.50 71.50
205.38 73.19
203.00 74.69
199.62 74.88
199.25 76.88
204.25 76.00
196.25 75.75
187.38 74.62
190.25 76.62
136.00 76.62
184.12 80.62
180.25 80.38
182.25 82.88
183.25 85.62
186.88 87.25
153.00 114.25
144.12 85.50
120.12 100.88
214.75 83.69
128.25 85.44
129.88 84.94
137.75 91.00
147.75 96.75
276.00 80.00
247.25 80.00
246.25 76.88
160.88 94.88
165.25 89.00
165.00 78.75
171.25 76.50
176.12 78.31
179.00 86.31
170.25 89.75
170.50 96.50
164.25 112.25
156.75 116.38
150.38 109.25
148.00 103.25
141.88 93.00
142.88 88.00
142.50 87.75
135.25 91.25
134.50 97.25
126.75 99.75
131.00 107.00
124.00 111.62
127.44 113.44
300.50 94.50
128.25 112.25
128.75 109.62
124.25 106.38
124.69 108.06
128.25 106.69
132.25 108.62
129.25 110.69
138.75 109.62
144.88 120.12
150.75 107.75
156.00 104.12
170.75 100.75
177.12 95.88
181.50 91.31
186.88 84.75
188.75 80.19
192.88 76.25
193.38 72.69
201.25 71.75
196.00 69.50
187.12 67.25
190.00 67.50
191.12 67.00
175.50 71.38
173.50 69.06
179.25 66.94
171.50 51.19
171.75 43.25
169.00 40.50
178.38 13.31
172.38 26.19
169.50 24.31
169.00 32.69
180.75 34.56
182.50 28.56
210.62 22.38
143.75 88.06
141.50 78.88
140.75 58.50
145.50 50.25
275.50 27.88
282.50 33.44
139.50 63.94
143.38 77.62
139.50 71.00
147.75 63.38
140.12 70.69
147.88 51.81
146.25 54.62
139.50 57.69
124.94 87.62
115.06 90.31
101.44 91.81
84.25 100.19
75.62 107.25
62.38 111.88
52.56 112.12
233.25 44.94
230.62 44.31
43.12 122.00
64.00 121.62
142.00 112.88
160.75 113.38
231.50 119.19
243.50 116.44
278.50 78.00
279.00 65.75
274.50 94.00
258.50 95.81
226.12 80.75
215.25 112.75
154.50 73.44
142.75 72.38
108.75 56.75
101.06 60.81
103.19 59.12
95.94 66.62
103.31 54.44
110.88 59.69
137.12 55.44
141.50 55.66
145.62 45.66
153.50 46.06
157.00 39.28
171.88 37.84
177.88 40.88
185.88 24.81
184.00 18.69
168.75 38.50
173.25 10.19
172.00 13.12
161.50 15.88
154.50 21.78
149.75 22.19
142.75 37.84
137.75 40.59
136.25 44.91
110.69 47.16
309.75 23.88
99.81 41.06
76.88 28.50
144.88 127.50
49.53 29.31
35.75 30.38
39.59 25.88
45.16 26.38
62.38 37.31
130.75 118.06
142.50 120.50
131.12 54.00
148.12 87.12
158.12 52.75
191.62 46.00
165.50 69.69
192.12 59.38
175.25 68.88
174.75 71.50
318.00 95.50
152.75 106.62
314.00 76.19
322.50 46.91
321.50 44.75
321.00 32.38
322.25 34.50
323.25 37.47
130.38 73.88
133.75 77.50
137.25 75.31
140.50 73.94
146.25 77.62
148.38 80.25
150.75 79.50
147.12 80.88
149.00 81.00
155.25 80.75
143.50 68.88
149.00 62.75
153.50 57.12
172.88 55.69
179.75 56.25
181.00 54.75
156.38 61.00
126.00 57.50
110.62 62.25
85.94 64.31
65.12 65.75
60.28 67.00
37.44 71.50
28.25 73.00
24.73 71.56
283.00 45.56
270.75 50.00
270.50 50.38
288.50 60.75
287.50 66.12
295.00 64.12
294.00 63.75
57.56 78.44
61.56 72.88
62.28 63.75
75.25 61.56
77.06 64.81
63.59 69.62
55.19 73.38
48.75 76.44
47.06 77.69
47.06 79.69
44.38 78.50
39.69 77.25
38.88 75.62
40.59 76.12
43.41 83.69
42.75 82.88
43.31 80.25
49.06 74.25
56.66 73.38
59.59 78.75
64.88 93.69
72.06 109.00
71.81 113.81
64.31 116.38
56.00 114.06
52.16 111.38
47.75 107.19
49.88 102.62
51.56 100.38
224.62 75.50
48.72 90.88
57.75 88.75
52.19 86.94
52.06 86.25
56.09 88.44
71.88 92.88
81.69 97.94
254.38 104.06
260.50 107.31
266.25 105.12
116.00 99.44
130.00 93.12
129.62 91.88
123.12 86.44
108.00 84.88
106.62 85.44
91.62 84.38
84.75 81.12
80.75 77.75
80.88 73.25
84.19 74.00
153.75 57.25
149.12 62.50
99.31 105.75
111.50 99.81
119.38 98.81
126.06 94.19
128.38 88.88
130.38 83.38
137.25 76.25
126.00 88.88
124.81 89.88
129.62 71.44
116.44 84.38
109.75 83.31
101.69 90.62
96.00 95.44
92.81 91.88
95.50 104.19
97.69 100.88
111.50 95.31
18.05 59.12
128.75 94.19
136.50 95.69
133.38 101.19
129.50 101.31
131.00 104.50
207.00 68.62
209.38 65.75
205.38 59.31
193.12 51.75
107.38 138.00
127.81 126.94
133.50 108.31
292.50 42.00
303.50 32.22
220.50 92.31
222.50 94.56
226.25 106.75
209.50 109.88
197.25 101.50
200.50 117.75
172.12 109.12
197.62 92.31
184.50 42.94
179.25 44.81
177.75 49.00
170.12 50.62
172.38 156.50
157.88 155.50
149.75 152.75
203.50 74.50
206.75 74.12
87.12 90.25
215.75 69.38
238.12 77.56
261.00 65.50
264.50 60.00
245.25 44.56
262.00 39.25
271.25 38.25
275.50 42.59
274.25 46.88
222.00 57.47
218.88 49.03
215.62 47.44
248.88 63.31
203.62 38.34
246.88 39.38
244.75 31.38
262.00 27.00
19.45 135.75
36.34 145.25
266.50 32.38
262.75 28.56
266.00 22.62
105.62 92.12
110.62 85.75
62.50 48.06
71.00 55.56
60.31 49.22
204.38 10.00
56.03 56.81
60.03 44.41
71.31 45.94
71.75 38.31
76.12 34.50
84.81 42.03
60.47 38.72
77.94 75.00
289.75 76.38
309.25 84.94
111.25 107.62
119.50 104.12
119.88 115.38
126.88 100.56
130.38 94.88
108.50 87.25
94.75 87.56
71.88 81.00
56.28 88.62
32.91 81.56
20.31 78.38
146.62 65.50
145.38 65.12
132.25 61.44
129.88 58.38
140.62 56.75
293.00 41.06
154.38 55.50
16.16 82.50
162.38 54.44
170.00 56.31
173.62 58.25
177.75 52.50
38.19 76.12
195.12 48.88
211.38 47.38
223.75 49.38
95.62 64.44
109.88 65.75
111.56 71.88
110.12 74.94
123.62 79.88
117.88 81.62
123.12 80.25
128.62 75.00
136.88 73.62
138.12 71.94
144.00 72.25
146.75 78.81
149.62 77.25
127.50 76.06
128.25 68.38
135.00 80.81
156.88 86.44
143.50 72.06
124.25 62.75
116.75 56.25
117.38 70.88
117.12 78.31
282.75 60.62
270.00 66.25
257.25 59.31
50.47 99.62
215.88 45.25
212.25 43.94
226.75 39.41
16.19 75.12
203.75 34.78
200.12 36.62
198.88 35.50
198.75 37.22
200.62 40.62
195.88 51.00
195.88 53.56
197.62 62.06
201.88 62.75
200.62 65.62
205.12 66.50
73.19 91.88
72.50 84.50
68.81 78.56
60.56 77.12
40.31 78.25
42.06 76.62
39.38 70.50
31.88 72.88
193.75 44.44
177.88 55.62
172.50 53.94
152.62 59.88
41.44 98.81
60.31 83.44
56.31 88.25
80.62 88.81
95.38 86.50
123.88 76.62
125.38 82.38
126.25 85.56
143.12 91.12
181.75 107.38
93.50 46.75
66.25 52.38
154.38 85.25
149.12 81.69
144.50 72.12
157.88 67.75
146.50 96.94
132.25 105.50
95.50 105.12
63.06 116.12
42.72 110.38
45.78 101.19
60.12 90.75
68.94 88.12
75.44 87.62
93.62 95.81
110.88 108.75
112.88 114.12
124.94 117.81
121.00 121.88
126.31 114.56
124.50 109.44
136.00 88.44
146.38 82.50
144.62 82.75
148.75 82.88
156.12 88.06
20.41 100.12
178.25 85.06
186.12 72.62
180.88 74.00
233.50 70.38
213.00 79.00
238.00 85.56
236.75 84.56
236.25 87.00
235.00 87.75
241.50 92.62
226.75 94.00
211.50 97.00
195.50 108.88
179.50 107.00
165.62 109.56
164.38 115.19
154.62 115.94
139.88 118.44
92.25 127.81
75.44 108.81
57.84 100.88
75.75 81.62
90.75 94.62
176.88 111.62
113.50 98.00
118.25 104.62
126.94 87.88
150.50 81.38
122.25 75.75
116.88 75.38
114.50 79.38
91.12 83.88
95.62 84.62
83.00 93.88
83.19 89.62
89.88 82.75
110.75 66.75
108.69 60.38
128.50 59.38
124.44 57.62
124.69 59.25
131.88 57.19
134.50 62.50
136.62 59.44
138.00 61.69
141.50 65.38
133.75 63.88
139.38 66.62
144.12 74.00
149.25 77.38
186.38 94.38
207.25 93.88
40.50 79.38
285.25 130.75
212.75 33.03
212.38 28.12
205.75 18.31
215.25 23.62
214.12 43.31
198.38 58.09
198.50 67.62
188.12 66.12
