# x y
832.50 229.00
833.00 224.50
838.00 223.38
839.50 228.25
848.50 239.00
855.50 247.12
858.50 253.12
859.50 256.50
857.50 255.12
492.00 208.00
853.50 246.00
854.00 247.88
852.50 249.88
851.00 256.75
853.50 261.75
859.00 273.50
865.50 282.00
877.00 290.50
887.00 292.25
895.50 286.50
908.00 284.00
912.50 272.50
919.00 263.25
926.00 264.00
936.50 263.50
944.50 263.50
950.50 271.75
955.00 279.00
957.50 283.00
957.00 283.00
570.00 257.25
579.00 265.00
949.50 274.00
948.50 279.25
945.50 286.00
937.00 293.50
922.00 295.75
905.50 299.50
612.50 258.50
612.00 253.50
612.00 251.00
612.00 251.38
904.50 324.50
914.00 318.50
930.00 308.25
942.00 297.00
952.00 281.00
575.50 280.50
974.50 258.50
985.50 254.50
994.00 257.00
998.00 263.50
1001.00 275.50
1004.50 290.50
1010.00 297.50
1012.50 302.50
1013.00 299.25
525.50 291.00
997.00 289.50
987.00 286.50
977.50 286.00
970.50 288.50
512.00 291.75
519.50 297.75
528.50 308.25
537.00 320.25
919.00 308.00
903.00 307.00
557.50 326.25
564.50 315.75
875.00 291.50
579.50 286.50
589.00 272.00
602.00 262.75
610.50 261.25
844.50 239.25
633.50 250.00
646.50 243.88
664.50 242.75
663.50 248.88
656.00 252.88
656.00 252.88
647.00 249.00
651.50 248.50
649.00 252.88
641.00 271.00
611.00 276.75
587.50 287.00
558.00 297.00
531.00 299.50
865.00 268.00
482.00 310.25
873.00 265.50
875.00 266.50
882.00 267.00
892.00 269.75
907.00 269.50
920.00 270.00
933.00 268.00
945.00 262.00
952.00 252.25
957.00 243.50
963.00 233.00
973.50 225.75
982.00 221.12
988.00 222.88
995.00 228.62
1005.00 238.50
1014.50 247.75
1021.00 257.75
1027.00 262.00
1028.00 260.00
1030.00 252.25
1036.00 242.12
1043.00 234.50
1047.00 230.00
1054.00 230.50
1062.00 237.62
1066.00 246.50
1073.00 250.38
1086.00 248.25
1094.00 237.75
1102.00 227.50
1111.00 220.62
1121.00 219.62
1136.00 224.50
1149.00 233.12
1157.00 246.62
1164.00 259.00
1173.00 268.50
1179.00 267.00
1185.00 259.25
1190.00 247.88
1191.00 241.50
1192.00 239.62
1196.00 242.25
1199.00 248.12
1208.00 258.00
1216.00 267.00
1229.00 274.50
1245.00 270.50
1268.00 263.00
1267.00 310.00
3.33 254.12
1.56 257.50
8.23 259.00
49.00 258.25
89.81 255.00
129.62 253.12
171.00 250.75
212.25 249.75
246.25 246.00
277.00 243.00
304.00 240.00
324.00 238.38
334.25 240.12
334.00 244.00
335.50 246.38
331.50 252.25
321.75 253.00
308.50 256.75
295.00 261.00
284.00 268.25
130.00 257.50
259.75 278.25
245.25 283.50
229.75 287.25
219.25 287.50
207.88 282.75
196.88 278.25
190.75 274.00
189.38 266.50
183.00 260.00
180.75 250.75
175.88 242.00
170.75 235.25
167.38 241.25
158.12 244.75
149.50 250.00
141.88 251.00
140.00 252.75
133.62 250.00
123.88 235.12
115.50 220.75
103.56 214.12
92.38 209.88
89.50 222.50
80.62 224.62
53.16 231.50
44.19 225.50
62.31 213.50
89.50 199.75
99.38 199.25
101.56 204.25
87.75 221.62
80.38 233.00
87.44 226.00
103.81 213.38
127.38 210.00
117.31 216.75
117.56 224.50
167.38 225.50
171.12 247.50
168.38 251.00
184.38 258.00
169.50 251.00
178.88 263.00
172.75 260.50
201.75 260.00
231.25 256.75
241.38 262.50
226.38 274.50
212.00 290.75
210.00 295.50
221.62 289.75
235.50 281.50
241.25 277.25
250.50 273.00
262.75 271.25
275.25 275.25
290.50 277.50
297.00 276.00
307.25 277.00
318.00 275.25
319.00 273.75
326.25 276.00
334.75 277.00
341.00 282.00
347.00 290.50
351.00 298.50
360.00 302.00
366.25 316.00
376.25 323.75
377.25 328.75
376.00 333.50
371.50 339.50
371.50 346.00
130.62 296.50
372.00 350.00
371.25 350.50
371.00 352.75
368.00 353.75
368.00 354.00
365.50 353.75
359.75 352.50
355.25 347.25
1261.00 379.00
1248.00 382.25
1237.00 382.75
1223.00 384.75
1208.00 383.25
1196.00 387.00
1185.00 391.25
1178.00 392.00
1171.00 391.00
1165.00 394.00
1158.00 392.50
1151.00 390.00
1141.00 390.50
1132.00 389.25
1121.00 389.75
1111.00 388.75
1107.00 387.50
1105.00 385.75
1101.00 383.00
1098.00 379.75
1094.00 374.50
1089.00 373.50
1081.00 372.50
1070.00 370.00
1060.00 370.00
1048.00 368.25
1038.00 363.00
1036.00 359.25
1035.00 357.50
1036.00 356.50
1033.00 354.50
1027.00 354.50
1018.50 354.00
1013.50 351.50
1011.50 348.75
1007.50 348.00
260.75 305.00
263.00 306.50
992.00 343.00
268.75 303.00
273.25 303.50
277.50 306.25
286.75 308.75
286.75 312.00
947.50 352.50
941.50 356.25
936.50 358.75
929.00 362.00
923.50 364.00
916.50 365.00
912.00 366.00
905.00 365.75
900.00 367.00
896.00 364.50
892.50 365.25
886.50 362.75
882.50 363.50
879.50 363.00
878.00 361.50
876.00 361.25
872.00 360.00
870.00 359.00
866.50 356.50
313.25 318.50
315.00 318.00
313.25 317.50
312.25 316.00
312.00 315.00
845.00 340.00
320.50 314.50
323.75 314.00
832.50 337.25
828.00 336.75
328.75 310.50
330.75 311.00
808.00 338.50
799.00 339.00
334.25 314.50
787.00 339.50
779.50 341.25
769.50 342.25
757.00 341.75
745.50 342.50
734.50 341.50
728.00 339.75
722.00 339.75
716.00 337.00
710.00 331.00
704.00 328.25
698.00 325.50
693.50 322.75
691.00 323.00
688.00 323.00
685.00 322.00
681.50 324.75
677.50 326.50
674.00 327.00
666.50 329.00
662.00 331.50
661.50 330.50
666.00 326.00
670.00 320.00
674.50 316.50
680.00 314.00
682.00 315.00
415.00 324.50
424.00 324.50
685.50 316.50
685.50 316.00
688.50 314.75
691.50 313.75
472.50 315.00
489.00 304.25
698.50 304.50
700.00 300.00
700.50 294.00
516.50 284.25
518.00 282.25
523.00 281.00
695.00 286.00
705.50 283.75
708.50 283.50
709.50 281.00
711.50 280.25
714.00 284.75
709.00 290.25
706.00 298.50
702.00 300.50
698.00 301.50
696.50 307.00
695.00 312.25
63.25 154.88
674.00 318.75
660.50 323.75
651.00 330.00
513.50 341.50
598.00 349.00
585.00 347.00
486.50 339.75
495.00 319.50
505.50 306.50
600.00 283.75
518.50 292.75
528.00 298.00
540.50 298.50
106.88 154.88
136.50 143.25
646.00 300.25
649.50 308.50
173.12 180.25
174.38 165.00
178.38 145.00
628.00 287.00
623.50 290.00
622.50 293.25
625.50 292.75
622.50 293.50
614.00 294.25
367.25 273.25
363.00 271.00
596.50 286.75
596.50 283.75
125.50 198.62
120.19 192.25
578.50 268.00
338.50 250.88
335.00 249.12
334.00 249.50
126.19 238.88
131.25 244.38
136.62 244.25
144.25 256.00
147.75 261.75
158.62 268.25
163.25 269.50
170.25 268.75
172.25 271.00
175.62 258.50
170.25 245.25
65.19 245.25
55.75 244.38
70.38 244.88
79.69 247.25
95.19 254.25
108.62 263.50
115.06 266.00
118.25 265.25
131.38 265.00
135.00 263.50
131.50 263.50
137.88 265.50
145.50 265.50
147.00 267.00
139.75 274.75
137.25 278.25
136.00 278.00
141.38 280.00
134.00 278.75
132.00 280.50
132.50 280.75
126.25 280.75
121.81 279.75
120.88 280.25
121.25 279.50
119.00 279.50
116.12 278.50
115.12 281.25
122.88 284.50
125.81 287.25
126.62 290.25
129.00 294.00
130.25 295.00
139.00 293.00
144.75 293.00
144.25 290.00
141.75 291.00
138.50 290.75
138.00 293.00
141.88 295.50
145.75 295.25
147.75 295.00
150.38 294.00
160.00 293.50
163.50 293.75
164.38 293.75
163.50 291.25
159.00 289.75
161.00 283.50
163.38 279.00
156.62 276.75
163.75 275.75
166.50 270.75
166.00 269.50
168.75 269.75
166.00 269.00
166.88 267.25
171.00 268.50
168.25 269.25
167.25 270.25
166.00 269.00
162.25 265.75
156.50 255.88
160.25 255.00
159.50 252.50
159.00 254.00
162.00 253.88
162.50 257.00
168.00 263.25
164.12 266.75
160.38 270.25
143.62 275.00
141.88 279.50
141.00 280.00
140.75 281.00
136.62 280.50
138.75 280.25
141.00 280.75
171.25 282.50
181.25 285.50
183.38 286.00
190.12 288.00
192.50 287.50
189.00 287.50
185.62 287.00
188.50 284.50
197.88 282.75
188.25 282.50
186.50 282.25
163.38 285.75
165.00 286.00
166.12 287.50
165.50 284.75
169.88 283.50
165.75 283.50
158.88 281.50
150.00 282.25
147.88 279.50
152.25 274.50
150.75 272.75
154.00 270.00
156.25 271.25
152.25 270.75
163.38 269.25
143.50 270.50
135.50 269.25
125.38 269.25
126.12 272.00
123.00 273.00
127.06 272.25
126.12 270.75
120.12 275.50
119.94 274.00
114.38 269.50
114.56 267.75
111.62 266.75
113.94 265.25
118.81 264.00
125.25 266.25
126.94 265.00
117.12 267.50
120.19 262.25
127.50 262.50
737.50 404.75
730.50 413.25
730.00 419.00
730.00 421.50
728.50 423.00
724.50 425.00
107.62 249.12
104.75 251.50
100.88 250.75
102.25 249.75
101.88 250.38
742.00 450.00
754.50 459.00
756.50 457.75
99.69 239.25
764.50 453.75
767.50 457.75
764.00 461.25
760.50 461.75
108.31 232.25
104.81 231.50
96.25 237.00
752.00 477.00
751.50 481.50
753.00 483.75
753.00 486.00
751.00 486.25
750.00 489.25
750.00 487.25
750.00 486.00
750.00 483.50
751.00 483.50
751.00 483.75
752.00 484.25
753.00 483.00
753.50 483.00
753.00 484.00
751.00 487.00
755.00 488.50
757.00 488.00
756.00 491.50
756.00 492.75
756.00 492.75
758.00 491.50
758.00 488.00
757.00 485.50
752.00 481.00
751.00 479.00
751.50 477.50
752.50 478.25
755.00 479.00
754.50 479.00
753.00 477.25
750.00 471.50
751.00 468.50
752.50 467.50
752.00 468.25
755.00 474.50
753.50 479.25
751.00 488.50
746.00 494.75
743.50 496.75
745.00 510.00
127.25 186.12
747.00 532.00
126.62 197.00
140.25 204.25
153.00 212.00
132.25 213.75
549.50 327.25
552.00 306.00
121.50 174.50
144.25 181.00
623.50 305.50
639.50 308.50
647.50 305.50
655.00 300.50
653.50 300.00
658.50 293.75
854.00 551.00
191.75 154.62
853.50 537.00
845.00 530.00
841.00 526.00
849.00 520.00
859.00 518.00
865.50 521.50
867.00 522.00
176.75 111.50
177.00 111.00
868.50 531.00
864.00 531.50
866.00 536.50
864.50 535.50
858.00 537.00
139.12 141.25
127.94 156.50
120.25 158.12
113.50 163.25
837.50 543.00
845.00 541.00
848.50 541.00
849.00 542.00
849.50 542.50
856.50 545.00
861.00 547.50
860.00 551.50
858.00 557.00
856.00 558.00
856.00 559.00
860.50 566.00
862.50 567.00
863.00 567.00
864.00 568.00
866.00 568.50
864.50 567.50
862.50 566.50
862.00 567.00
862.00 567.50
860.50 567.50
862.00 570.50
863.00 574.00
867.50 574.50
868.50 575.00
867.00 575.50
866.00 576.50
866.00 575.50
140.88 161.00
142.50 158.50
857.00 572.00
859.00 572.50
863.00 571.00
868.00 571.50
868.00 573.00
865.00 573.00
681.00 307.50
685.00 309.00
687.50 310.75
688.50 312.00
874.00 586.00
874.50 587.50
874.50 590.50
876.50 591.00
877.00 591.00
876.50 591.50
876.50 594.00
875.00 593.00
689.00 326.50
141.62 212.50
148.75 213.25
153.25 211.50
150.75 208.75
139.88 208.00
127.31 213.00
126.88 205.62
129.88 197.38
129.25 200.50
124.12 197.62
120.44 195.75
865.00 591.00
864.50 591.00
105.56 197.75
862.50 594.00
861.00 597.00
855.50 599.00
846.00 600.50
832.00 597.00
666.50 334.50
670.00 333.00
96.56 198.62
99.06 202.75
102.62 195.50
103.88 191.75
102.62 203.00
819.00 465.75
111.44 198.88
815.00 433.75
809.00 409.25
806.50 401.75
803.50 395.25
802.00 393.00
798.00 390.25
133.75 227.50
134.62 241.25
134.00 243.75
135.75 245.25
139.12 247.75
142.50 250.25
141.00 253.00
138.75 259.50
142.25 262.75
145.25 269.75
144.25 273.00
147.75 273.00
148.00 274.00
143.62 272.50
140.75 272.50
134.50 274.75
132.38 275.50
860.50 439.00
858.00 445.50
856.00 451.25
850.00 459.00
843.00 459.75
835.00 465.00
827.50 467.50
826.00 468.25
654.00 329.00
814.50 470.00
807.50 472.00
793.00 475.75
779.50 476.25
767.00 477.50
751.00 478.00
734.00 479.25
47.00 227.38
43.62 224.75
662.50 478.25
43.00 219.00
622.00 475.50
606.50 472.00
44.62 209.50
46.38 205.38
49.12 205.38
576.50 452.50
579.00 447.00
577.50 444.25
573.00 442.25
572.50 435.50
575.50 431.25
581.00 425.75
584.50 426.00
603.00 416.75
615.50 414.50
610.00 409.00
613.50 398.25
616.00 393.25
622.00 385.00
638.00 384.75
652.00 365.00
665.00 353.50
666.00 329.75
604.50 256.00
691.00 332.25
710.00 332.00
725.00 330.00
733.50 323.75
746.50 320.75
757.50 323.00
773.50 324.50
788.00 330.25
73.62 220.88
76.75 218.12
77.88 216.75
80.38 216.25
84.62 214.88
87.75 215.75
89.75 214.75
90.88 215.25
95.12 216.50
95.50 216.50
96.12 216.12
95.50 215.62
94.50 214.00
93.75 214.00
94.38 212.88
93.88 212.12
91.25 212.12
90.25 209.00
86.12 207.50
82.62 204.50
82.25 199.25
1064.00 389.25
1077.00 400.00
1096.00 413.00
1130.00 430.75
1150.00 436.50
556.50 248.75
555.00 251.88
549.00 250.62
542.50 258.75
539.00 259.00
535.50 263.00
534.50 263.50
530.00 262.00
531.50 263.50
534.00 261.00
538.00 259.00
534.00 263.50
526.50 269.75
523.00 280.75
523.00 280.75
529.00 289.00
529.00 294.00
531.00 296.75
530.50 296.75
527.00 297.00
525.00 294.25
526.50 291.25
495.25 308.50
530.50 280.25
531.00 279.50
530.00 279.25
529.00 281.50
530.00 283.25
530.50 285.00
534.50 286.00
536.00 287.50
538.00 287.25
539.50 287.00
539.00 287.50
538.00 288.50
536.00 290.25
538.00 289.00
536.50 285.00
540.00 283.50
537.50 277.50
537.00 278.00
539.00 275.25
534.50 274.50
532.50 273.00
531.00 271.50
528.50 269.50
527.50 269.50
526.50 264.50
528.00 261.25
527.00 252.75
525.50 250.00
524.50 238.75
523.00 226.75
517.00 210.88
511.25 189.38
493.75 170.50
483.50 137.75
471.25 98.88
464.00 62.38
451.25 43.12
467.75 24.94
463.25 36.12
459.25 42.25
908.50 749.50
654.00 684.50
659.00 672.00
635.00 663.00
643.00 652.00
669.00 631.00
669.00 625.00
663.00 625.00
682.00 605.50
682.50 602.00
682.50 592.50
684.00 583.50
