# x y
610.00 47.69
609.50 42.62
586.00 92.44
586.00 72.94
595.50 64.25
611.00 61.50
600.00 45.00
615.00 25.12
623.00 32.44
631.50 43.31
352.25 113.94
628.50 132.50
400.50 141.75
91.81 41.41
390.50 194.12
83.50 32.12
81.81 37.62
87.25 43.34
103.25 42.25
377.50 35.19
135.25 29.25
249.75 29.00
383.00 24.50
374.25 22.16
222.62 23.50
216.00 21.56
217.38 25.12
360.75 33.41
95.44 31.50
224.25 39.38
112.00 32.59
389.50 38.25
30.59 43.41
28.81 44.75
33.28 41.28
119.38 30.69
118.50 31.56
118.31 31.00
98.94 32.19
76.38 30.62
77.81 29.31
82.75 28.12
73.69 23.56
197.88 31.25
199.12 35.62
186.88 36.69
56.19 16.88
54.50 18.75
52.12 17.75
169.50 35.56
153.62 31.06
151.00 30.56
12.30 17.38
134.00 35.84
131.00 33.31
272.25 39.19
359.00 171.88
274.50 39.69
276.25 38.59
378.75 185.00
372.75 195.88
376.75 185.25
363.75 186.00
356.00 201.25
342.50 188.25
338.25 180.62
123.81 89.62
324.00 199.75
608.50 14.38
624.00 9.94
611.00 13.06
605.00 13.06
602.00 13.75
607.00 12.44
242.62 135.25
330.00 117.12
320.50 117.12
272.50 70.69
313.00 108.62
322.50 96.88
337.25 105.25
352.25 100.50
409.75 103.88
475.75 76.88
459.00 66.88
496.00 54.19
146.62 25.34
135.00 18.88
9.75 16.12
161.50 40.62
154.50 50.44
279.00 13.31
354.75 235.75
318.50 232.88
307.50 221.75
314.00 199.75
319.50 174.12
320.50 155.62
319.00 129.88
328.25 113.88
319.25 100.94
312.25 91.81
312.75 66.50
303.00 50.00
274.50 27.69
341.25 84.00
337.25 48.12
250.38 16.12
234.12 14.44
229.00 15.75
218.75 28.62
206.38 39.50
195.25 43.00
195.50 53.50
190.00 22.69
333.25 48.06
319.25 41.00
324.50 33.81
319.00 36.69
173.00 19.88
349.00 35.62
348.00 33.19
80.12 20.56
416.75 38.31
110.94 34.62
119.19 31.88
119.56 43.50
455.00 18.38
465.25 93.69
443.50 38.25
438.50 27.88
436.50 28.75
423.50 33.00
410.75 42.50
231.00 107.75
247.88 114.56
260.50 106.62
265.00 103.50
269.75 100.69
286.75 85.12
296.00 82.00
300.00 107.62
309.25 124.56
322.00 142.75
337.75 156.75
361.50 160.62
378.00 162.75
34.81 11.00
396.25 161.00
400.50 151.62
39.91 23.50
343.75 16.69
352.25 43.00
360.50 67.56
53.75 16.56
55.41 35.03
53.50 24.06
49.09 23.25
40.81 18.94
39.66 16.12
37.00 16.06
350.00 37.75
365.50 38.09
25.47 14.81
180.75 16.88
180.50 17.69
434.25 51.00
170.88 14.00
170.50 14.19
174.88 14.44
169.25 19.12
460.50 106.19
170.12 43.31
161.00 53.44
155.38 63.56
156.12 71.88
149.12 80.38
139.75 79.38
134.50 79.31
129.88 74.38
123.38 71.94
115.94 73.62
113.12 67.31
111.88 67.25
113.56 70.75
112.50 73.31
113.38 67.81
39.91 98.06
42.53 93.75
44.38 88.25
127.25 59.00
128.50 50.81
40.44 67.06
33.75 62.62
361.75 220.50
110.19 18.94
105.06 13.81
287.00 173.75
105.62 14.44
108.88 20.50
274.00 116.62
266.75 111.62
270.50 115.06
276.00 115.38
279.00 120.81
276.00 130.75
278.00 134.50
289.75 146.00
290.50 158.25
302.50 170.12
331.25 176.50
54.00 15.31
164.00 31.94
63.88 13.88
312.75 165.00
75.19 11.25
84.38 13.31
72.75 10.81
65.38 11.12
290.00 175.12
283.50 181.25
275.50 179.62
273.75 181.75
279.00 173.75
271.50 168.00
275.25 167.75
280.25 170.50
277.75 169.12
277.50 174.75
278.75 162.75
274.00 160.62
271.50 159.25
38.06 18.75
42.06 21.81
275.50 135.75
274.75 121.12
280.50 112.50
288.50 107.38
287.25 100.12
290.00 99.88
290.00 97.50
290.00 97.31
295.00 100.44
293.50 100.19
294.00 104.62
297.50 110.81
296.00 114.62
296.00 118.50
291.50 122.44
288.75 127.81
289.25 136.12
289.50 142.00
293.75 142.38
297.25 145.88
301.75 146.25
298.75 146.25
299.00 147.75
299.25 148.00
289.00 146.88
287.00 154.25
281.75 163.75
280.25 164.75
280.50 183.00
305.75 16.41
300.50 223.12
299.25 209.25
295.50 201.38
294.25 189.62
104.94 24.25
307.00 152.75
105.75 20.88
107.88 34.38
298.50 95.38
291.50 94.75
93.88 35.62
94.88 35.69
95.62 35.91
90.75 28.88
88.50 12.94
93.62 13.12
91.88 14.31
97.38 15.19
97.12 16.25
104.25 17.12
275.25 105.12
268.00 102.62
270.50 102.62
251.25 98.44
236.38 105.94
103.06 14.56
98.62 12.81
103.94 13.75
101.38 13.62
219.50 85.56
226.25 82.81
84.50 22.94
79.19 28.75
77.00 25.81
76.38 25.94
73.50 28.16
70.25 21.38
266.25 150.75
285.75 104.88
288.25 99.31
284.75 93.50
270.00 90.50
631.00 52.38
623.00 20.50
620.00 20.88
622.50 15.94
187.25 102.88
149.00 110.56
157.88 122.38
198.25 16.47
605.50 15.38
604.00 17.19
607.00 19.38
621.00 14.50
246.88 109.38
266.00 106.25
286.00 101.75
302.00 98.25
314.50 106.94
323.00 102.00
326.00 100.50
311.25 91.81
300.25 86.12
290.25 80.56
286.75 77.81
276.00 81.00
270.75 82.50
275.25 79.88
280.75 78.44
269.25 75.31
270.00 72.06
271.50 80.12
271.75 88.19
272.50 116.62
61.44 34.72
62.16 38.19
279.00 162.38
300.00 49.00
294.25 30.75
291.00 32.38
271.00 129.25
277.50 102.50
292.75 114.38
268.25 16.94
255.62 15.75
260.50 87.31
246.62 114.81
621.50 18.94
238.12 111.88
232.25 104.56
224.12 157.12
220.00 162.00
180.62 31.50
619.00 20.69
153.62 44.12
141.38 42.38
127.38 43.31
114.81 41.00
98.12 43.12
387.00 171.25
66.94 52.38
382.25 140.00
364.00 129.88
48.38 38.75
28.31 32.75
638.50 25.50
230.75 76.56
211.12 57.88
197.50 25.12
199.00 21.25
206.12 15.62
346.50 36.62
185.25 17.12
167.25 22.00
155.50 31.88
161.50 49.50
416.75 13.75
182.38 65.75
185.00 68.12
199.50 67.81
207.50 66.75
202.88 68.31
213.25 67.38
229.50 68.38
230.25 69.12
226.50 84.94
515.50 36.28
525.50 35.34
524.50 31.75
534.50 34.41
258.25 111.88
258.50 107.44
264.00 211.75
236.38 98.25
224.75 82.88
217.62 73.62
38.75 27.00
210.50 65.19
211.88 62.25
223.50 73.00
232.12 86.25
231.75 97.19
238.12 112.06
227.62 113.88
209.88 124.25
211.75 121.00
212.12 126.06
205.00 123.75
202.25 121.00
199.75 107.88
205.75 90.25
212.00 79.50
215.00 65.56
209.88 53.38
216.00 44.75
206.50 41.88
199.50 44.62
193.25 34.44
185.25 33.75
180.75 32.69
171.62 40.75
183.62 57.00
196.00 66.69
209.25 79.88
232.75 77.25
258.25 84.50
265.50 83.25
119.56 29.50
130.75 31.94
137.38 31.81
140.88 31.88
142.88 28.81
303.50 85.75
301.00 85.75
293.00 83.88
297.50 93.75
186.62 28.97
297.50 92.75
211.00 31.25
296.75 111.62
299.00 117.75
290.00 121.56
290.25 123.12
283.50 115.75
269.50 109.25
272.25 102.81
84.38 62.31
73.81 55.62
244.88 65.81
240.38 51.81
242.00 45.50
236.25 53.12
243.00 52.25
227.75 54.00
268.50 24.75
221.75 61.88
228.12 63.44
229.12 70.50
67.88 53.62
64.00 52.38
66.25 52.94
60.19 48.62
60.59 48.12
59.25 48.12
198.00 59.00
193.25 53.75
195.50 53.19
191.75 60.94
191.50 60.56
171.00 71.75
65.94 18.62
31.97 19.25
31.75 16.06
30.31 14.06
42.34 12.50
46.88 12.94
51.38 13.94
54.44 12.31
60.75 9.06
73.56 12.62
86.12 9.50
79.19 9.31
77.69 9.81
76.50 14.94
73.88 14.81
51.59 16.31
42.75 19.69
50.38 14.62
15.19 13.19
29.03 21.94
45.44 23.12
61.22 28.75
68.00 35.53
89.25 40.44
208.88 189.62
190.50 169.12
169.88 170.25
171.75 152.00
156.00 136.38
141.25 132.62
133.75 132.62
146.12 140.12
155.00 153.50
155.25 150.25
150.25 139.62
158.50 138.62
158.50 142.00
158.75 150.75
169.50 153.25
173.25 163.00
184.00 177.38
212.50 170.75
213.50 174.12
184.62 201.75
231.25 158.00
205.88 186.25
198.00 146.88
213.00 138.00
217.00 130.75
203.12 120.38
207.38 113.31
210.00 109.25
210.50 102.00
252.12 177.88
264.50 182.38
242.75 105.88
150.75 36.41
235.25 85.62
254.00 84.00
252.88 84.25
265.75 76.00
266.75 145.00
280.50 149.75
329.75 125.00
376.25 120.88
311.00 157.75
310.75 152.25
317.00 148.50
346.00 129.00
406.25 112.75
360.00 137.62
201.25 48.91
350.50 52.25
388.00 52.19
388.50 59.00
374.00 111.25
374.50 96.44
379.75 97.88
372.00 96.81
369.50 91.12
377.00 97.00
369.25 100.12
362.25 85.75
36.56 38.72
31.00 33.69
24.84 34.66
31.62 54.62
181.50 60.88
136.25 48.72
128.12 46.97
123.88 53.44
147.38 55.56
101.38 57.62
98.50 67.12
93.38 64.94
91.75 60.62
85.12 62.47
91.62 55.06
295.00 120.56
114.62 65.62
115.62 89.50
117.62 94.00
121.38 82.88
134.50 79.00
319.25 141.50
143.75 96.88
166.25 78.12
309.00 177.25
174.88 49.12
168.75 60.25
176.50 46.38
178.75 36.25
179.12 32.38
181.88 27.06
175.75 30.31
184.75 33.62
183.50 27.00
168.75 27.06
176.12 27.50
200.50 26.38
201.50 24.31
203.38 24.31
200.25 26.88
206.88 24.75
211.12 26.06
217.75 25.62
220.50 29.12
226.25 35.12
228.88 29.38
230.25 35.62
226.25 51.19
230.00 41.56
240.88 25.81
241.38 22.88
240.38 26.25
245.25 20.00
246.00 22.56
240.25 24.94
228.00 28.75
23.38 40.69
24.25 37.75
30.31 38.00
48.44 37.75
44.69 33.25
49.91 29.88
50.69 28.12
48.62 25.00
52.47 26.50
50.88 27.25
53.81 27.62
53.56 26.38
55.38 28.62
53.88 29.12
56.69 30.12
58.34 28.50
58.72 25.62
54.12 24.25
50.62 20.88
50.44 21.75
49.53 22.00
49.25 22.12
50.69 22.50
53.44 23.62
54.78 25.38
57.03 27.25
52.06 26.38
52.16 25.88
53.38 24.25
55.75 24.00
60.19 25.00
76.38 29.06
73.12 29.25
86.75 32.44
96.81 35.00
108.25 45.88
106.69 46.12
117.00 45.56
144.50 38.12
553.50 45.31
544.50 37.50
174.75 54.00
193.12 51.88
504.50 48.12
497.25 47.75
475.00 40.44
465.50 30.88
450.00 28.88
53.09 53.12
436.50 37.12
234.50 42.88
231.25 42.12
257.75 49.12
274.25 31.00
265.00 30.56
300.50 21.12
300.50 24.75
302.00 24.44
103.19 41.56
101.75 59.25
105.44 72.56
109.00 53.50
99.69 44.06
300.50 49.88
299.50 44.94
286.50 50.88
280.00 48.81
280.00 52.44
378.50 33.88
276.25 40.88
385.50 52.94
391.75 50.44
388.75 50.44
363.00 54.38
364.00 65.25
387.50 53.38
396.00 50.25
391.50 54.00
304.50 58.12
398.25 56.38
406.00 52.38
404.75 49.75
404.50 49.12
398.50 41.38
394.75 38.75
382.00 37.19
384.50 37.88
374.50 32.69
364.25 29.38
333.50 27.56
307.00 29.75
142.50 54.88
370.75 30.50
380.25 29.38
342.25 34.75
353.25 35.56
336.75 35.56
380.25 33.31
401.25 35.44
423.50 34.75
405.00 39.31
419.50 39.62
409.50 42.12
422.50 37.56
420.25 40.31
417.00 42.44
405.00 46.94
422.00 45.19
430.50 49.00
434.50 47.38
427.25 47.06
422.75 51.19
428.00 46.75
426.25 46.44
414.00 38.75
418.50 34.19
409.50 30.25
407.75 30.56
407.75 28.00
400.00 27.38
175.62 52.69
304.25 160.38
311.50 161.38
317.25 158.88
316.00 154.12
315.00 150.75
320.25 140.50
324.00 132.75
329.50 126.50
325.75 123.12
330.00 115.75
333.50 108.50
332.75 96.19
335.00 90.94
331.00 82.19
335.50 84.94
335.50 81.69
337.50 81.56
339.00 78.25
358.00 78.62
365.50 75.69
360.50 71.19
362.50 64.31
371.50 58.94
373.50 53.88
382.50 38.56
384.50 28.75
381.00 28.75
381.00 24.75
25.25 35.00
27.38 33.75
22.72 36.06
30.88 28.19
339.75 38.50
336.50 40.31
330.00 40.38
326.00 40.25
318.00 44.88
308.75 45.50
296.00 53.50
279.75 68.06
274.75 91.94
268.00 82.56
268.00 92.94
28.78 34.75
215.75 93.75
397.00 23.75
380.50 26.25
390.00 30.50
216.00 110.50
46.31 23.25
175.75 112.62
160.50 108.50
151.88 106.12
148.50 102.56
392.50 169.12
130.38 91.56
114.25 55.12
136.25 91.25
120.62 68.25
124.62 79.19
112.12 83.38
90.88 64.88
46.88 97.31
351.00 42.56
358.25 42.56
115.06 56.81
347.00 52.25
374.25 44.19
361.25 43.56
366.75 43.88
373.75 48.69
381.00 44.00
399.25 32.75
391.00 26.50
359.00 24.00
374.25 25.75
384.50 24.25
341.00 29.94
324.25 28.00
321.75 30.44
111.31 28.88
102.12 35.25
94.75 37.25
85.50 37.88
279.00 17.50
51.94 39.75
37.75 30.88
232.25 16.00
223.50 17.00
364.00 17.94
210.75 21.62
208.50 43.25
540.00 53.12
540.00 63.81
133.75 88.69
526.00 87.12
524.00 107.44
509.25 126.38
498.00 127.50
459.75 136.75
432.50 146.75
437.50 140.25
424.00 132.50
413.75 126.06
402.50 121.25
388.25 117.94
397.50 96.69
160.88 136.75
167.50 131.62
412.25 87.25
186.12 122.50
203.50 113.50
210.00 106.81
216.88 102.81
444.50 88.62
129.88 108.38
130.12 107.62
447.50 89.44
448.50 90.25
450.00 90.50
451.75 93.00
275.00 91.00
456.75 97.25
460.50 97.00
465.00 98.88
463.75 99.38
464.25 93.88
461.25 89.25
314.25 85.81
322.75 81.06
321.25 82.06
323.50 77.88
461.50 80.12
321.75 71.75
105.50 81.56
102.50 81.44
323.50 67.19
322.50 66.50
325.25 67.25
323.00 68.44
325.75 67.38
305.75 73.38
299.75 74.62
297.75 71.75
296.25 72.00
290.50 71.88
290.50 74.50
291.75 73.50
286.75 74.62
283.50 77.19
281.75 72.25
276.00 72.69
273.25 68.69
273.00 67.00
273.00 68.06
267.25 70.81
262.25 72.06
263.75 70.62
255.50 68.31
246.75 67.19
246.00 73.38
305.75 87.62
249.00 72.75
307.00 95.56
307.25 93.19
59.78 87.19
312.50 91.44
315.75 89.62
314.75 87.06
319.00 85.12
257.50 62.19
258.25 63.62
260.50 59.00
261.50 58.69
267.75 61.50
344.50 85.25
346.00 83.31
349.00 85.62
360.50 81.00
293.00 51.62
364.00 82.50
297.00 47.38
303.25 49.38
372.50 80.94
316.75 56.12
62.25 100.44
319.00 56.44
179.12 56.38
187.88 56.50
64.50 109.56
45.41 113.56
56.19 113.62
43.94 111.06
231.88 48.00
48.50 111.31
57.72 117.44
37.66 122.00
36.88 124.88
53.12 134.00
60.00 150.12
66.12 149.38
295.50 82.31
296.50 86.12
291.50 91.00
295.25 103.25
557.50 130.62
312.00 130.25
319.00 143.75
316.00 158.50
220.12 166.88
295.25 173.25
265.50 170.00
246.88 167.00
244.12 163.38
244.75 167.62
46.75 200.00
200.75 174.50
120.12 204.12
148.88 198.75
182.62 188.38
208.62 178.75
225.38 179.75
224.50 179.75
198.75 180.62
181.12 178.88
175.62 179.88
462.50 298.00
170.00 186.12
178.75 188.25
177.50 194.25
172.38 204.75
170.50 209.88
173.25 212.25
174.75 213.50
175.75 214.75
385.50 138.25
384.50 137.88
383.25 138.25
380.50 139.25
378.00 138.00
174.50 211.12
171.62 211.50
168.75 211.38
165.00 202.88
158.75 204.62
154.12 205.12
155.62 200.88
148.75 195.75
144.75 195.38
248.50 137.00
241.88 137.38
121.38 177.50
113.56 169.62
103.12 164.00
95.81 164.38
90.69 165.75
83.88 167.00
74.44 168.62
69.88 169.62
65.06 173.50
58.31 175.75
46.16 178.25
36.12 179.50
36.62 179.00
30.62 176.00
26.25 174.62
24.16 167.00
16.56 164.38
13.62 161.00
5.09 154.50
339.25 281.50
327.75 278.00
331.25 119.88
311.50 271.75
306.00 272.50
303.50 272.75
302.00 259.25
313.50 103.25
296.50 250.38
298.75 244.38
295.75 239.38
291.75 229.50
290.00 219.00
292.75 207.00
555.00 108.69
552.00 109.50
551.00 110.50
296.00 167.38
296.50 157.75
300.50 146.88
308.00 131.75
312.00 127.12
314.25 119.12
317.50 110.88
322.50 109.38
323.00 102.56
318.50 95.50
319.25 95.25
319.00 97.25
320.75 99.88
320.75 104.94
317.50 110.94
318.50 116.88
-3.12 92.50
-3.38 91.62
-0.62 96.88
14.97 100.00
27.19 97.00
34.53 97.75
46.19 97.06
61.25 96.38
72.69 97.25
83.00 106.69
95.62 104.31
110.31 103.75
120.12 109.56
131.62 108.56
142.00 105.19
158.12 108.50
176.50 105.50
191.00 111.50
207.12 119.75
212.88 125.75
220.12 127.81
239.00 121.06
252.62 138.25
274.00 145.50
293.00 144.00
321.50 144.88
345.75 146.00
360.75 148.88
384.00 151.25
405.75 146.00
420.75 158.50
427.75 153.88
429.00 153.50
431.50 160.75
429.75 170.88
435.75 179.25
437.50 182.50
436.25 182.88
437.00 182.50
446.25 171.12
450.00 165.50
442.50 164.38
433.00 164.00
421.25 161.25
416.75 159.75
400.25 160.62
381.25 177.25
380.50 175.38
372.50 173.25
357.25 181.75
483.25 196.62
339.75 173.88
335.75 172.00
328.50 170.75
325.25 171.62
324.75 167.50
317.75 164.88
311.75 165.25
312.50 162.12
304.75 160.25
299.50 158.75
298.25 152.88
299.50 148.25
300.50 147.62
307.75 151.00
319.00 143.38
319.00 141.88
589.50 124.81
587.50 123.44
583.50 125.06
578.00 120.81
466.00 83.69
457.50 85.38
557.00 116.25
445.25 76.31
432.00 81.56
424.25 83.44
420.25 78.50
407.00 77.56
491.00 122.06
478.50 118.69
408.00 165.62
411.50 150.25
271.75 105.94
264.00 101.19
254.25 96.44
243.25 91.00
228.88 89.19
220.25 84.88
211.00 81.88
406.25 117.06
406.25 100.19
180.50 77.62
167.00 77.94
159.75 72.69
371.75 57.69
478.25 64.69
129.62 56.00
455.75 40.31
118.56 45.50
115.00 46.38
111.19 42.00
109.94 48.00
414.25 29.12
398.75 29.81
384.50 34.69
377.50 38.12
371.00 48.25
364.00 53.00
351.75 63.88
346.00 75.50
335.25 87.00
325.50 94.00
314.75 97.12
169.62 98.75
166.12 96.00
259.00 111.00
240.25 125.75
145.00 98.44
139.50 96.56
130.88 101.56
142.75 163.00
121.88 170.25
88.62 131.75
58.00 153.50
18.00 136.00
10.00 134.12
14.12 129.50
0.94 35.38
4.31 56.75
-1.25 65.62
-2.50 52.38
4.56 46.12
9.56 43.75
9.06 45.81
318.25 49.75
323.25 49.88
311.50 49.00
311.00 55.88
315.00 51.69
313.75 54.12
303.75 53.62
299.50 49.19
306.00 44.75
307.75 39.12
307.00 33.94
301.00 29.06
306.50 33.56
297.50 32.00
273.25 29.62
260.50 31.19
251.38 23.56
252.12 26.25
248.38 24.81
194.25 38.75
179.00 55.25
175.50 72.44
166.88 80.94
148.25 51.19
164.38 52.00
209.00 61.75
71.50 94.12
144.62 23.50
177.88 20.12
224.50 21.44
285.50 44.50
333.75 64.62
368.75 76.25
191.12 126.25
197.00 121.06
201.00 125.19
204.75 122.62
208.12 116.88
212.50 119.62
217.12 115.00
221.25 106.19
208.75 100.75
191.50 100.31
190.38 95.06
192.62 97.25
188.88 100.69
189.12 100.81
195.00 101.38
190.25 100.38
196.62 97.31
212.25 91.25
227.38 90.69
235.12 91.06
248.12 94.62
261.75 97.44
271.00 101.25
272.75 103.00
264.25 109.31
260.50 112.12
260.50 105.38
253.25 101.38
252.00 98.00
257.25 91.56
261.00 93.38
248.50 91.81
240.00 91.94
241.25 91.88
241.50 94.50
226.50 104.25
213.50 115.44
233.50 120.06
234.75 118.44
239.00 132.50
246.88 132.00
252.75 125.56
257.00 121.38
255.12 116.12
249.50 103.50
253.25 108.00
261.50 112.56
255.00 116.38
247.75 116.38
257.25 105.50
260.25 106.69
260.50 104.75
260.75 99.25
262.25 97.12
271.00 94.81
278.50 91.00
280.25 88.62
281.00 90.94
389.25 101.06
386.00 98.56
381.75 98.75
368.25 106.38
358.50 112.12
356.00 115.62
355.00 125.50
319.50 103.44
315.50 103.12
317.00 109.81
184.50 48.31
33.00 24.12
34.22 29.00
339.50 141.88
327.25 135.12
311.25 146.50
302.75 153.75
180.88 62.75
176.88 63.44
176.25 59.75
252.62 178.25
244.50 189.25
242.88 198.25
181.62 60.38
182.12 63.00
233.12 214.75
233.50 217.75
225.38 221.12
218.38 221.25
208.75 222.25
209.25 222.88
210.00 219.50
191.50 222.75
190.12 221.25
184.00 225.00
180.00 224.12
174.50 220.50
168.75 229.25
158.38 236.88
177.00 235.25
163.25 254.50
159.88 255.50
194.50 67.62
197.12 66.88
198.25 66.75
205.88 66.44
207.50 64.62
204.62 63.44
61.59 50.56
63.44 46.00
213.25 63.41
215.25 60.88
209.75 55.12
209.25 55.34
204.62 51.06
209.38 47.59
79.12 37.81
239.75 33.94
260.75 27.44
272.50 23.34
282.50 24.03
294.00 20.75
300.50 19.81
307.00 18.25
167.25 12.38
285.75 180.75
325.00 14.62
328.75 17.50
340.50 15.06
346.25 23.56
293.25 165.25
305.25 165.00
284.50 168.88
285.50 173.50
310.75 174.00
307.75 160.38
318.75 152.75
341.00 165.75
345.75 173.88
347.50 166.75
356.00 160.75
355.75 159.50
353.00 156.88
367.25 153.62
355.50 161.38
347.00 170.75
422.75 17.06
158.62 46.06
423.50 14.69
419.25 14.44
329.50 177.25
423.00 13.72
148.38 52.50
155.50 50.06
158.88 49.44
331.50 188.62
422.00 14.38
427.75 14.03
156.25 51.81
357.00 184.50
425.25 14.88
359.00 187.62
355.50 215.88
365.25 191.75
359.00 201.50
424.00 14.31
368.25 212.25
375.25 208.88
374.00 209.12
369.00 209.88
139.38 55.12
137.12 55.44
371.00 224.75
333.75 206.12
322.00 197.75
377.50 214.00
50.28 72.94
356.00 187.75
124.88 62.38
75.69 76.19
80.50 76.31
92.25 76.75
101.50 73.50
103.50 81.62
115.19 83.12
374.50 213.00
361.50 213.12
372.75 218.38
367.50 216.88
540.00 59.69
169.50 86.31
173.75 88.38
182.38 90.12
192.00 88.50
201.62 89.38
207.88 92.31
221.75 93.75
230.25 93.62
232.25 99.81
245.00 100.25
255.12 99.88
268.00 106.69
280.25 110.81
277.75 114.50
285.50 116.38
286.50 119.12
294.00 121.31
175.00 161.00
305.50 112.00
177.50 155.62
171.12 145.75
165.50 147.75
169.12 137.25
164.00 136.75
158.38 129.50
355.00 63.25
357.00 48.00
359.25 42.00
368.50 24.50
375.50 19.81
381.75 16.88
393.00 14.38
169.00 59.12
176.75 52.00
425.25 16.38
437.00 16.44
436.50 19.31
461.50 16.25
227.75 25.94
230.75 21.38
245.25 20.31
478.25 19.00
275.00 15.50
290.50 15.25
305.00 12.62
542.50 43.38
563.50 34.50
572.00 27.06
390.00 17.19
408.25 15.88
384.50 17.06
392.25 18.31
400.50 20.00
396.00 26.38
420.50 27.81
434.25 26.12
426.50 30.50
435.75 30.12
452.00 27.81
456.25 30.06
577.00 35.38
422.50 25.75
419.00 27.38
405.50 34.75
393.50 38.62
383.25 37.19
402.25 36.25
397.75 37.12
305.25 147.75
431.50 44.12
285.75 168.25
284.75 176.38
297.50 158.75
438.75 40.88
438.50 43.38
439.00 41.12
457.00 45.38
466.75 40.00
464.50 43.12
473.25 40.62
478.50 44.00
485.75 53.75
503.50 55.62
514.00 50.88
540.50 40.06
546.00 53.00
567.00 60.56
561.50 59.62
559.50 60.75
563.00 61.62
580.00 66.44
305.50 204.25
302.00 201.00
300.00 199.25
296.00 199.62
293.00 197.25
280.75 188.12
271.00 170.38
273.50 165.50
594.00 68.31
585.00 67.62
570.50 73.12
240.88 171.00
244.00 172.00
247.50 187.62
247.25 187.00
246.62 194.00
251.00 193.00
250.75 193.75
258.50 188.25
263.75 181.00
268.50 183.75
263.00 183.50
272.00 179.75
274.50 178.75
272.00 166.50
276.75 162.62
320.00 149.75
315.25 142.50
312.50 146.75
338.00 147.38
316.75 189.25
349.00 152.62
352.50 156.75
357.00 159.25
351.50 163.12
358.50 159.62
358.25 161.50
363.50 174.25
370.00 186.50
383.25 199.62
389.00 210.25
379.75 228.38
402.25 217.38
406.25 221.12
397.75 238.75
387.00 250.00
408.25 255.62
192.25 31.56
0.81 85.44
204.38 29.00
37.50 118.56
41.44 135.00
35.75 148.50
271.50 114.88
16.56 160.25
140.25 118.75
55.22 142.62
135.50 69.38
270.50 76.94
226.88 72.00
210.25 67.00
567.50 67.12
165.62 82.06
164.12 73.06
159.75 85.94
529.00 40.44
523.50 48.06
486.00 43.94
448.00 55.00
486.00 56.56
63.62 80.50
360.25 107.88
368.25 94.06
324.00 87.38
5.72 62.50
598.50 39.62
282.25 256.75
52.00 109.00
87.00 18.25
2.62 26.38
309.25 183.50
319.75 206.00
305.00 194.12
313.00 184.75
324.00 190.88
319.00 198.00
331.00 198.75
337.50 214.38
330.00 224.25
328.00 244.62
333.00 245.50
325.00 250.88
316.00 264.50
303.50 233.25
8.84 50.00
10.73 44.00
5.45 42.81
60.81 45.47
-0.52 42.22
-0.74 38.03
255.62 253.50
260.50 238.62
258.75 230.62
237.88 239.75
244.88 226.25
244.12 218.12
242.38 220.75
236.62 214.75
240.75 219.12
244.38 219.25
237.00 221.38
248.12 229.75
248.12 226.50
265.00 228.62
277.50 217.38
285.75 199.25
295.75 211.62
304.00 208.75
285.00 204.12
286.50 204.75
302.00 210.38
307.00 214.00
303.50 219.00
304.00 219.38
309.50 216.00
324.50 217.75
320.00 204.62
324.25 204.12
318.00 188.25
302.50 191.38
313.25 184.12
310.00 194.25
303.00 192.00
302.50 209.62
290.50 227.38
299.50 224.12
303.25 218.25
287.50 195.00
318.00 163.25
287.50 222.00
261.00 250.50
251.75 240.00
286.25 204.50
281.00 194.25
277.50 197.50
293.50 187.25
295.50 235.50
301.50 228.50
364.00 215.00
320.00 197.75
354.50 211.50
326.50 202.62
344.00 209.62
330.75 201.50
335.50 195.25
326.25 183.00
317.25 182.50
335.00 182.25
280.50 177.25
316.75 162.88
309.50 158.25
308.50 167.00
310.00 176.50
307.75 182.00
289.50 180.50
242.25 226.75
229.00 228.25
115.75 32.53
220.25 224.25
239.25 236.50
272.75 257.00
254.50 295.00
244.50 284.25
245.38 300.25
136.25 64.62
356.50 65.69
111.06 45.16
111.50 46.38
200.50 21.62
375.25 48.50
399.50 55.00
253.75 16.31
167.50 41.12
175.00 89.25
162.75 85.88
246.25 15.12
241.00 10.12
141.12 27.94
140.88 36.16
150.25 88.75
163.00 36.00
177.38 36.91
187.75 41.41
173.75 77.19
153.00 41.81
156.50 45.78
147.00 51.31
155.50 94.06
174.88 46.38
173.88 47.03
192.00 51.25
192.62 49.56
191.75 50.12
204.38 49.62
401.50 326.00
202.62 49.00
208.50 47.09
204.50 66.25
204.88 74.25
387.50 289.00
392.00 286.25
370.75 332.00
372.50 295.25
362.50 302.50
355.50 305.50
354.50 301.75
358.50 301.75
353.75 302.75
361.00 292.00
361.50 286.50
478.25 65.00
347.50 295.75
372.75 281.00
372.75 272.25
373.50 277.25
373.00 264.75
375.25 262.75
322.00 293.50
330.75 284.00
321.25 289.25
335.50 297.00
359.25 318.50
366.00 333.25
358.75 334.25
359.50 328.50
337.00 326.50
335.00 318.50
333.25 331.25
348.00 324.00
493.25 61.25
306.00 316.50
305.50 311.00
502.75 60.12
509.00 61.75
514.00 67.44
522.00 68.88
292.25 290.00
536.00 64.56
543.50 77.00
549.00 78.94
556.00 79.12
567.50 81.75
584.00 79.19
592.00 82.62
399.75 46.00
301.50 289.00
306.00 283.50
604.50 78.75
308.00 259.75
312.00 258.75
163.50 69.00
331.00 316.00
336.00 322.00
611.00 83.38
165.25 67.88
166.00 68.38
374.00 302.50
381.50 295.00
386.50 288.50
393.50 289.50
391.50 286.25
390.50 288.50
274.50 53.25
391.50 304.00
274.50 53.88
275.50 53.38
279.00 51.06
280.75 50.47
375.50 273.75
377.00 290.50
379.25 278.25
371.25 269.25
372.00 264.50
184.38 51.06
374.50 258.50
442.75 70.75
442.25 71.06
363.50 279.25
441.25 69.25
441.00 67.56
167.88 53.47
165.38 53.75
159.38 50.94
156.50 49.56
153.75 51.25
150.12 51.56
370.75 298.00
378.50 298.50
134.50 52.88
127.75 55.56
121.38 54.50
116.44 53.62
114.25 53.81
373.75 270.25
377.50 251.62
375.50 250.00
365.75 293.00
351.50 316.50
81.94 53.78
82.12 53.38
324.50 299.00
308.25 315.50
275.00 308.00
378.75 68.62
378.25 68.50
384.75 69.69
255.00 320.25
258.50 324.25
280.25 338.00
284.75 340.25
80.88 53.62
83.88 54.25
86.50 55.78
90.56 57.78
285.25 349.00
96.12 56.62
98.12 56.78
425.75 62.66
426.00 62.69
425.50 64.12
429.75 65.06
432.00 62.00
433.50 62.03
434.50 63.56
106.62 66.44
107.56 66.38
107.88 64.44
110.12 66.44
117.38 68.75
117.69 69.88
118.75 68.75
115.94 55.88
119.06 56.12
119.56 55.69
467.00 65.38
467.75 65.88
131.62 65.31
129.62 54.53
470.25 69.06
308.00 272.00
386.00 307.25
376.00 344.25
333.75 340.75
353.75 328.25
379.75 325.00
380.50 316.00
377.50 321.75
325.25 292.00
110.75 71.69
330.00 305.50
327.00 303.50
284.25 46.62
456.25 70.12
332.00 297.75
101.75 54.06
107.12 55.41
108.12 55.19
293.25 344.50
104.50 56.62
102.62 56.03
105.81 56.75
94.75 56.12
312.00 305.00
95.44 56.41
93.31 68.69
426.00 63.84
330.75 299.75
82.31 58.00
346.00 278.00
345.00 288.50
68.62 56.00
70.69 54.19
419.50 68.38
426.25 66.56
427.25 67.88
420.25 69.88
418.25 66.88
426.75 65.94
428.25 67.69
401.50 294.75
442.75 74.00
446.75 72.25
448.00 72.75
451.00 71.31
457.50 66.00
459.25 62.91
105.62 55.47
110.81 55.22
111.12 55.81
112.00 57.50
111.38 56.91
471.75 53.56
352.75 336.50
472.50 54.62
471.00 54.44
483.00 55.12
479.75 54.38
476.25 56.00
474.00 55.28
384.75 271.50
471.50 55.88
466.00 56.00
344.25 260.50
349.75 255.50
348.50 262.50
371.00 284.75
382.75 280.00
394.00 266.75
402.50 259.00
406.25 251.75
403.00 241.50
402.00 230.25
409.00 221.25
411.50 215.12
413.75 213.50
414.00 212.12
414.50 211.25
411.50 211.25
411.00 210.25
412.00 208.25
424.00 215.12
425.50 226.00
418.75 232.25
428.50 239.62
425.00 249.50
428.25 58.12
418.75 252.38
422.25 55.12
421.50 54.50
419.00 54.69
406.00 270.75
391.75 284.00
359.50 296.00
329.75 249.75
411.00 57.00
408.75 56.84
303.25 320.00
297.75 322.75
294.25 334.00
301.25 339.50
312.00 338.50
312.50 306.00
414.25 56.91
321.50 332.50
315.50 333.50
317.00 333.50
318.75 329.25
429.00 54.50
433.25 55.31
435.50 55.88
438.50 55.50
442.00 54.69
445.50 56.34
447.00 56.34
447.75 56.12
451.25 56.12
252.38 272.00
455.25 55.56
455.00 55.31
327.00 217.25
455.00 55.06
346.50 255.62
358.00 250.25
364.00 263.25
370.00 274.50
380.00 277.25
450.50 54.69
441.50 52.28
437.25 53.25
405.00 266.00
426.00 52.81
400.00 252.00
416.50 52.88
396.00 279.25
388.50 270.00
394.00 261.25
387.75 258.75
368.75 254.12
7.55 51.97
3.50 54.44
363.00 242.62
348.75 217.00
351.25 252.12
352.50 256.50
343.50 260.50
317.00 304.00
339.50 283.50
344.50 280.00
347.50 296.50
353.75 284.75
327.00 298.00
275.75 314.25
307.75 327.75
5.86 60.09
390.00 274.00
385.75 282.75
378.50 291.75
371.50 289.50
366.00 291.00
359.25 295.00
336.75 275.50
399.00 171.88
397.75 170.75
20.31 58.69
13.42 59.56
221.00 286.00
209.88 269.00
397.25 31.88
398.75 31.61
335.00 252.25
401.75 54.84
409.25 54.09
418.50 52.66
422.50 52.88
424.25 53.25
424.75 52.91
424.75 52.03
424.00 50.97
423.00 50.69
80.38 53.91
423.50 60.81
79.56 55.28
79.25 55.91
332.75 228.75
318.50 197.00
425.00 53.16
284.25 208.12
255.00 206.50
240.38 195.00
433.50 52.56
275.25 173.75
201.12 149.25
201.50 160.25
436.75 54.34
439.50 55.12
438.00 55.12
438.00 55.50
440.50 56.03
314.25 173.00
328.00 175.25
337.00 180.12
436.25 53.09
434.50 50.41
430.50 49.88
427.25 49.72
422.50 50.81
413.00 53.66
411.75 54.78
233.50 263.00
417.25 54.38
236.50 261.50
239.75 262.75
240.00 260.00
429.75 68.31
432.75 51.66
436.00 50.59
436.00 50.25
437.00 50.38
382.50 46.94
387.75 44.84
449.75 57.75
453.75 56.94
13.50 48.50
15.53 46.44
464.50 48.94
15.73 44.50
18.44 49.75
16.73 49.62
18.47 50.56
20.47 52.12
15.16 54.38
13.75 54.25
12.91 56.88
265.50 187.62
275.50 191.75
287.75 191.50
13.92 44.56
490.00 61.81
13.75 45.00
309.00 202.00
312.00 196.00
312.50 197.00
313.25 194.38
316.75 195.00
324.00 189.75
319.75 186.38
323.00 185.00
325.75 185.62
320.00 183.25
310.00 186.88
308.00 184.50
302.50 179.50
311.50 165.00
325.75 149.62
329.25 146.25
340.00 145.75
344.50 150.12
355.50 157.25
366.50 158.75
514.50 29.12
373.50 170.12
380.00 175.12
386.50 175.12
380.50 177.50
383.50 174.38
386.50 169.88
428.25 34.78
384.25 166.62
424.75 35.56
424.50 35.56
390.25 167.62
387.00 171.88
389.50 173.75
418.00 31.00
421.00 26.81
579.00 39.44
79.44 17.44
422.25 23.25
422.75 24.88
574.50 29.50
125.94 14.81
215.25 37.91
400.50 177.62
404.25 182.62
402.50 189.88
407.00 192.75
406.00 194.75
401.50 191.75
403.00 190.62
395.25 195.88
367.50 176.00
387.25 175.88
386.75 170.75
381.50 164.12
375.50 154.25
376.00 143.25
367.50 136.50
359.00 126.12
359.75 120.88
354.00 121.44
352.00 125.50
353.00 131.00
352.50 133.25
353.50 141.00
346.00 142.25
348.00 146.12
337.75 151.25
151.50 45.81
316.75 176.25
164.00 51.31
294.00 232.50
263.00 205.25
257.25 223.00
162.88 50.38
422.00 22.31
421.25 21.56
421.25 18.75
420.00 17.88
419.00 16.88
474.25 32.88
478.25 26.94
480.75 20.38
475.25 12.75
502.25 13.50
506.25 9.44
508.00 11.75
300.25 22.56
503.50 16.25
509.00 11.06
514.00 22.25
516.00 31.88
450.50 36.81
452.50 32.12
458.00 30.75
126.00 147.88
474.25 73.62
485.50 23.62
495.00 12.00
506.00 14.81
518.50 17.88
524.50 17.19
526.00 16.88
529.50 15.19
526.00 14.38
521.50 18.62
225.75 103.69
513.50 20.56
509.75 23.00
245.25 101.06
246.38 102.88
247.00 105.62
252.25 109.19
258.50 112.38
261.00 115.44
268.00 104.00
277.50 91.81
522.00 26.00
293.75 82.88
299.50 78.38
599.50 47.94
605.00 50.06
315.75 95.69
322.50 107.00
335.25 107.38
537.00 19.81
350.50 181.25
359.75 215.12
528.00 17.56
593.00 37.56
343.75 279.75
166.62 65.88
165.75 59.25
157.75 56.25
275.00 291.50
145.00 71.00
251.88 273.50
252.00 260.25
240.00 246.50
183.38 107.81
260.00 218.25
265.25 218.38
270.50 214.00
309.50 199.38
312.00 221.00
318.50 227.62
331.00 241.88
325.75 276.00
242.00 126.62
229.88 124.50
306.50 265.25
295.25 267.75
373.50 87.19
227.50 147.00
276.00 309.50
438.25 107.38
451.50 134.38
446.00 149.88
461.75 150.75
404.00 144.25
425.00 147.12
440.50 140.88
449.25 139.25
454.00 127.94
446.75 126.44
432.00 114.44
527.00 92.69
532.00 86.50
535.50 92.00
542.50 91.38
539.00 99.12
457.50 82.75
449.75 66.00
458.50 45.31
461.00 18.00
345.25 348.00
332.00 365.00
16.62 63.50
32.00 70.62
44.47 65.06
52.88 71.00
586.50 14.25
93.38 64.38
277.50 252.75
600.50 22.00
293.50 252.75
140.12 58.75
151.38 69.81
164.25 87.50
161.00 98.06
150.00 123.25
164.75 137.50
165.88 131.62
155.75 137.12
347.00 105.38
358.50 92.12
368.25 114.50
427.75 224.50
407.25 210.88
409.25 230.00
428.25 102.44
437.00 197.88
417.25 90.88
466.25 141.75
603.50 40.06
594.00 40.88
593.00 21.94
586.00 30.38
558.00 14.12
571.00 16.19
584.00 17.62
576.50 14.00
65.06 139.75
350.75 211.25
427.00 19.62
52.12 115.50
558.50 16.56
63.44 110.81
60.81 94.56
565.50 51.16
87.00 93.81
598.00 56.56
617.00 46.84
599.00 38.06
599.00 35.88
609.50 39.28
610.50 39.81
329.00 65.44
336.50 58.88
510.75 11.75
534.00 26.12
356.50 51.12
367.50 53.88
367.50 42.44
368.00 47.12
378.00 40.50
386.75 30.62
388.25 21.81
410.25 16.88
436.00 21.88
428.75 17.19
453.50 18.81
5.38 200.88
3.69 195.12
379.00 211.75
419.50 198.25
545.00 37.50
555.00 41.38
568.00 53.38
481.50 189.25
482.50 197.12
480.75 210.25
601.50 34.72
613.50 40.19
614.00 37.94
616.00 53.69
610.50 45.31
98.38 150.62
92.12 147.00
88.38 146.00
98.62 130.25
92.62 131.25
95.44 132.38
87.25 126.31
72.69 134.38
580.00 45.66
77.38 126.06
87.38 125.62
94.12 108.25
78.88 103.62
74.19 94.56
70.50 77.44
73.12 70.94
68.38 64.00
62.19 53.88
55.91 44.25
4.81 29.00
4.81 23.62
10.84 20.25
206.50 34.03
8.75 22.88
381.00 177.25
215.75 41.09
206.38 47.47
206.50 48.12
215.38 48.25
221.62 51.41
219.25 55.38
229.50 56.78
224.50 57.12
215.75 60.22
213.00 54.75
206.38 60.91
343.50 130.50
202.12 54.31
206.75 57.31
207.62 57.47
340.75 150.00
15.81 122.50
13.56 82.56
15.62 71.31
306.75 220.50
302.00 232.75
305.50 231.62
604.50 36.75
588.00 49.88
578.50 44.38
561.00 46.50
540.50 57.75
538.50 55.50
527.50 37.69
524.50 46.00
534.50 44.00
540.00 40.56
545.50 46.50
548.50 46.88
539.00 53.00
563.50 45.00
567.00 59.00
125.69 29.75
575.50 47.75
574.00 36.88
599.50 33.50
231.12 251.50
215.50 258.25
357.25 30.88
112.19 42.75
99.56 46.25
114.12 51.75
121.38 39.25
110.62 30.88
117.94 37.88
116.06 47.25
130.25 44.00
131.75 33.00
276.25 118.88
206.00 40.94
169.88 49.12
263.75 149.62
260.00 153.75
263.00 143.88
255.12 151.88
533.00 51.00
546.00 73.00
574.50 70.62
598.00 50.62
631.50 38.50
111.62 213.00
493.50 59.12
87.12 183.00
77.06 171.00
458.00 113.12
459.75 74.81
105.50 121.38
467.50 31.25
488.75 26.00
512.00 23.75
488.75 70.00
532.00 27.56
510.75 22.00
188.25 21.66
586.00 38.12
517.00 32.75
476.00 29.50
194.75 255.50
480.00 32.25
190.38 227.75
193.25 229.50
204.00 227.62
212.75 213.25
225.50 227.00
450.00 32.06
241.75 225.00
272.25 236.88
268.25 241.00
278.50 249.50
282.50 253.25
278.50 254.75
263.25 263.75
265.00 259.75
265.75 255.88
268.00 260.25
272.25 252.75
278.50 245.25
260.50 271.75
275.25 275.00
295.25 273.00
298.50 290.00
299.25 292.00
345.00 287.50
384.50 271.75
351.25 250.50
425.00 289.50
435.75 294.00
443.00 266.75
446.75 255.38
457.25 238.75
446.25 265.50
399.50 71.62
445.50 254.00
465.75 222.25
468.50 201.50
498.75 157.75
504.25 168.75
487.00 150.25
520.50 110.00
494.25 163.75
452.25 174.00
472.50 197.38
465.25 209.50
516.50 216.25
498.25 242.25
478.25 248.50
480.50 252.00
467.75 262.75
452.75 275.50
461.25 279.00
440.00 283.50
597.00 42.25
614.00 23.00
231.75 114.19
227.75 115.06
556.00 28.62
358.50 283.25
341.50 271.50
321.00 282.25
499.75 21.88
492.25 20.75
486.50 27.00
297.75 267.75
292.00 269.75
280.00 266.50
277.50 263.75
269.00 258.00
623.50 33.50
625.00 30.75
447.50 24.62
248.50 240.00
445.00 28.00
436.50 32.00
246.00 241.38
252.50 245.50
244.12 245.50
605.50 34.50
255.88 255.50
250.00 263.00
252.75 266.75
409.00 30.25
409.25 21.50
407.50 36.00
449.00 42.50
434.50 34.25
268.00 270.00
276.00 265.00
449.00 50.00
457.75 45.25
481.00 37.75
469.75 34.50
463.25 24.94
441.25 23.62
439.50 23.00
206.25 338.00
205.25 345.50
191.38 369.25
196.50 369.75
406.25 26.12
402.75 20.44
388.50 25.94
157.50 344.75
373.50 24.50
361.75 20.31
588.00 40.25
350.75 41.69
584.50 20.44
322.00 62.19
190.75 251.38
548.00 18.38
294.50 84.56
186.38 192.88
188.88 175.75
194.88 150.75
201.88 142.12
211.75 131.88
209.88 129.12
223.50 132.00
232.25 131.75
241.38 139.25
249.38 149.62
258.00 157.25
261.75 172.12
266.50 181.00
275.75 193.12
500.25 68.44
493.00 73.50
296.50 211.38
303.75 217.38
307.75 222.25
319.25 227.50
316.25 232.00
322.75 233.88
328.50 239.75
330.50 245.38
332.50 245.12
335.75 248.75
328.50 246.50
320.75 258.75
326.50 259.75
323.25 258.25
326.25 263.50
325.50 267.75
327.25 277.00
326.50 280.50
328.00 286.00
333.25 288.75
339.75 281.25
343.00 279.50
346.50 280.00
359.75 276.25
357.00 274.25
356.75 279.25
369.00 270.50
373.25 263.25
378.75 250.75
388.50 246.50
392.50 247.25
388.00 245.38
388.50 244.25
391.50 245.88
391.75 244.00
387.25 242.25
388.75 238.88
384.75 231.62
385.00 227.62
377.00 222.88
380.50 215.50
373.25 208.75
365.00 190.00
364.00 176.38
366.25 150.25
353.00 141.00
344.50 121.00
343.00 110.75
339.75 99.06
338.00 84.19
328.00 75.31
320.25 62.00
313.00 53.44
297.50 51.00
281.00 57.94
283.75 71.00
281.75 77.31
257.25 89.81
237.75 107.56
228.38 126.62
214.00 149.62
195.00 176.00
177.00 202.88
163.62 209.88
147.00 213.75
128.00 218.25
412.50 180.00
396.00 177.88
186.25 214.50
569.00 212.75
575.50 191.12
571.00 185.62
375.25 163.88
387.25 163.50
201.62 195.50
192.12 205.12
193.00 215.38
197.00 220.12
500.25 199.75
500.75 197.00
156.75 231.00
155.75 225.00
170.25 215.50
168.00 211.25
171.62 211.38
177.50 211.00
177.25 210.75
177.50 207.50
179.88 207.25
165.25 224.88
158.00 237.75
149.50 240.50
498.25 248.00
477.75 278.75
453.50 302.00
66.19 298.00
140.25 313.50
205.25 307.00
184.50 303.75
192.00 311.75
207.12 325.50
201.88 312.75
449.50 303.00
244.75 294.50
246.75 289.25
311.25 274.00
252.88 227.75
329.25 214.12
341.00 205.25
357.50 198.50
298.25 182.00
401.50 186.50
419.75 188.50
432.75 187.75
359.00 183.25
367.00 185.38
469.50 185.25
476.00 177.75
471.75 179.75
377.00 164.50
449.50 151.12
352.75 116.38
293.00 163.62
306.25 171.00
317.00 178.88
164.75 182.00
347.50 189.00
471.50 150.00
347.75 206.75
425.50 146.62
431.50 148.00
421.25 147.12
136.12 187.25
131.38 184.88
120.81 184.62
374.50 203.25
371.50 209.88
268.00 177.25
267.00 174.00
247.38 182.00
368.75 213.25
368.75 194.38
353.50 185.62
345.75 190.12
346.75 180.50
200.88 169.00
485.00 163.75
481.75 163.88
479.00 166.25
462.50 165.50
451.50 168.00
463.00 170.50
464.25 170.12
349.75 223.00
458.75 167.25
458.50 174.25
446.50 180.88
368.75 240.88
370.50 247.50
364.25 223.75
358.50 223.12
340.00 214.75
509.75 169.75
423.50 186.00
416.50 184.62
404.50 190.38
403.50 180.75
407.00 172.00
395.50 176.25
397.50 175.25
397.00 167.75
397.00 165.38
394.25 161.62
395.50 161.50
398.00 165.38
398.75 162.12
396.00 170.50
209.50 180.12
404.75 192.38
596.50 97.69
607.00 98.44
602.50 98.62
595.00 96.88
588.00 101.12
580.00 96.75
587.00 99.75
580.50 100.69
570.50 113.00
571.00 122.19
575.00 136.00
571.00 143.62
593.00 125.94
596.50 137.12
600.00 152.25
595.50 149.00
583.50 129.50
443.00 144.12
406.75 144.50
381.75 137.38
386.50 137.25
399.00 138.62
384.50 140.00
389.75 126.12
398.25 133.25
300.75 148.25
428.50 128.38
423.00 128.00
422.50 149.75
416.00 158.25
414.75 151.38
446.00 141.50
473.00 132.25
461.75 123.12
457.00 122.88
471.00 132.75
502.50 132.50
508.00 137.00
514.00 146.00
535.50 149.25
537.50 161.88
540.50 171.00
545.00 180.50
546.00 197.38
552.00 211.88
555.50 211.12
556.00 213.25
410.75 212.12
411.25 214.00
407.00 213.00
408.75 213.00
406.50 207.62
405.00 212.88
404.75 210.75
565.50 210.00
317.25 240.75
566.00 208.00
313.00 236.88
321.00 223.75
430.50 202.00
445.75 211.75
452.50 215.50
359.50 253.00
461.25 231.62
465.50 236.50
477.00 236.12
475.75 245.88
482.00 244.00
480.75 243.88
481.50 252.50
250.12 257.75
489.25 238.75
288.25 251.25
538.00 228.62
385.50 222.50
411.00 211.00
448.00 202.38
481.00 192.75
504.50 170.12
525.50 158.25
553.00 152.00
595.00 149.00
629.00 152.25
625.00 168.25
435.25 159.25
530.00 122.56
493.25 150.50
412.50 150.88
515.50 154.50
513.50 150.50
512.50 142.00
245.50 165.00
504.50 136.88
504.00 138.75
503.75 130.00
618.00 170.38
611.00 166.38
606.00 156.00
621.50 176.62
588.00 168.62
573.50 150.62
576.00 139.50
581.00 128.00
578.50 114.12
579.50 99.44
593.00 87.44
542.00 56.75
193.12 108.06
189.25 104.62
185.38 83.94
373.75 36.00
519.00 45.62
375.00 24.19
374.00 23.19
388.50 25.25
402.00 23.19
565.00 33.75
450.00 20.00
260.00 14.19
524.00 15.00
164.00 45.56
365.75 63.94
546.50 22.25
490.75 36.38
481.50 60.31
118.56 173.75
547.00 117.25
522.00 130.75
419.75 204.25
136.25 200.88
346.00 106.81
616.00 38.31
592.50 32.75
615.50 43.12
595.00 89.44
601.50 88.88
592.50 76.19
554.00 75.94
198.25 46.62
512.50 31.12
142.75 19.94
116.94 16.00
86.31 23.62
83.81 26.38
92.50 25.12
107.94 17.06
102.75 23.06
288.50 114.62
431.75 77.62
437.00 50.75
130.50 28.38
392.75 92.19
393.25 86.06
139.25 80.00
160.88 89.50
144.88 71.44
121.38 74.31
125.69 54.75
124.62 28.75
107.75 36.12
94.00 46.50
98.19 43.25
103.19 43.25
88.50 49.12
71.38 55.88
60.94 57.00
73.38 55.00
82.69 61.25
68.94 81.56
263.00 112.25
261.50 129.00
44.94 115.31
50.78 116.88
253.75 137.88
271.00 133.00
276.00 128.25
277.50 137.62
61.12 131.88
72.62 133.12
90.62 140.25
367.75 120.25
371.50 120.38
378.50 118.00
124.38 131.25
120.50 128.12
134.25 118.81
131.75 108.00
392.00 74.75
149.00 79.06
150.75 51.75
154.50 48.56
163.88 47.00
183.00 49.75
184.75 71.31
416.75 119.31
177.25 115.75
186.25 108.88
440.00 122.56
431.00 128.25
156.75 101.88
164.00 69.25
446.00 85.69
370.00 135.50
130.75 113.75
291.75 156.38
146.38 117.50
162.38 104.50
137.12 116.00
123.94 109.62
472.50 98.69
462.25 93.19
437.50 78.94
428.00 78.50
419.50 77.56
205.75 85.69
469.00 85.00
493.75 84.12
242.25 69.75
444.75 48.50
234.25 75.12
246.25 50.25
467.50 30.31
217.00 34.50
236.12 36.38
253.38 30.00
247.75 32.12
244.62 42.50
260.25 37.12
256.50 42.62
261.25 46.44
264.50 45.19
271.00 47.44
267.25 47.38
255.12 47.12
257.00 39.75
253.75 44.31
267.50 45.38
283.50 28.69
268.00 29.81
246.25 24.88
220.25 30.88
188.88 43.75
204.38 39.44
